0.0
0.0
0.0
0.0
28.993261318613705
26.300107510366587
24.811637881070638
24.645941278065223
24.469149209796257
19.257326645823994
19.257326645823994
19.83839116591983
18.417360396594262
15.828483230971074
15.828483230971074
18.78593959883365
18.78593959883365
21.9288868885193
21.9288868885193
21.9288868885193
33.592151701859734
33.592151701859734
33.592151701859734
33.592151701859734
33.592151701859734
33.592151701859734
33.592151701859734
42.290528054102744
41.30353388439261
41.30353388439261
41.30353388439261
44.820891093306194
42.68768320157613
40.44280216963876
40.44280216963876
43.400686788360716
40.562691296798036
40.562691296798036
40.562691296798036
40.165719546652305
39.88235590805348
38.508458480699865
35.957936620718996
35.957936620718996
41.451094665135784
41.31336881939135
41.31336881939135
41.74417572561094
41.74417572561094
37.65036778792506
37.0569903524185
36.87772448520895
36.87772448520895
36.331482558371114
33.02737677554377
33.02737677554377
33.02737677554377
36.50682913447955
35.16411464211846
33.98049377112015
33.98049377112015
33.98049377112015
34.26633598218348
32.02638023152268
32.02638023152268
32.02638023152268
33.237569293124636
33.237569293124636
33.237569293124636
33.505018557533475
33.01353164098553
33.01353164098553
33.4723285276569
33.4723285276569
34.96712154422677
34.51402782301206
34.51402782301206
34.83239188813769
34.83239188813769
34.83239188813769
37.9488460494162
37.9488460494162
37.9488460494162
37.9488460494162
39.342939112784016
39.342939112784016
39.342939112784016
39.342939112784016
39.07982101755406
38.98573966154235
38.98573966154235
38.98573966154235
40.1933128060849
40.183991711208954
39.72602993000064
39.69417841624549
39.4249100447162
39.088813653059354
39.088813653059354
39.088813653059354
39.088813653059354
39.088813653059354
39.088813653059354
39.088813653059354
39.088813653059354
41.35739315927025
41.35739315927025
41.35739315927025
41.35739315927025
41.35739315927025
42.16326900851992
42.16326900851992
42.219349357452025
42.219349357452025
42.219349357452025
43.835889801316135
43.835889801316135
43.67218560871138
43.67218560871138
43.67218560871138
43.67218560871138
43.67218560871138
46.37506915313007
46.37506915313007
46.00227577167386
46.00227577167386
46.00227577167386
46.00227577167386
46.00227577167386
46.64735307777104
46.64735307777104
46.46147286994519
46.16207745752601
46.16207745752601
46.16207745752601
46.16207745752601
45.9872022099388
45.53326860487015
45.28812919919985
45.28812919919985
45.28812919919985
45.996958372139666
45.837303835439776
45.734737895032985
45.734737895032985
46.08165399288752
46.08165399288752
46.08165399288752
46.972531710334415
46.91061757143057
46.28419432875468
46.22135946648299
46.08451562472686
45.90173313350788
45.632490457838294
45.632490457838294
45.632490457838294
45.632490457838294
46.605980943049865
46.49075272458966
46.21365970611542
46.21365970611542
46.653577333757724
46.401559389476276
46.401559389476276
46.184002454624846
46.144141339823044
46.144141339823044
46.09386870065734
45.814997570840724
45.814997570840724
45.87264383668192
45.80426267855343
45.80426267855343
47.777146647090575
47.777146647090575
47.777146647090575
47.777146647090575
47.777146647090575
51.40390314290655
51.27056358368613
51.12937136553558
51.12937136553558
51.458527074515395
51.458527074515395
51.458527074515395
51.458527074515395
51.84047355721373
51.54742001941795
51.466397827853
50.64134656723253
50.637435481814876
50.637435481814876
50.87979059046326
50.83922604354168
49.648696905429105
48.605327929326485
48.605327929326485
49.82011132444474
49.43648893345738
49.31769631322954
48.6697609538597
48.21577514374317
48.21577514374317
48.21577514374317
48.21577514374317
48.21577514374317
48.50845602285169
48.50845602285169
48.50845602285169
48.50845602285169
48.50845602285169
48.78706071725886
48.78706071725886
48.78706071725886
48.48163642806466
48.48163642806466
47.893372243280844
47.72192288010598
47.72192288010598
47.373355014706036
47.373355014706036
47.373355014706036
47.97265273407436
47.97265273407436
48.169614349775784
48.169614349775784
47.80558578164674
47.76776522683366
47.51221729104367
46.4791360785982
46.4791360785982
46.4791360785982
46.4791360785982
46.83844581332464
46.583436982177815
46.583436982177815
46.583436982177815
47.04001468404369
46.985238729768206
46.80813329433364
46.80813329433364
46.79752705605614
46.574914207365204
46.574914207365204
46.869277988210335
46.79163462042264
46.79163462042264
46.79163462042264
46.79163462042264
46.79163462042264
46.79163462042264
47.20472252607948
47.20472252607948
47.20472252607948
47.20472252607948
47.20472252607948
47.20472252607948
47.35459078084478
47.22141931216765
47.032164385972656
47.032164385972656
46.880660545412525
46.880660545412525
46.76806413979697
46.76806413979697
46.76806413979697
46.76806413979697
46.76806413979697
46.76806413979697
46.76806413979697
46.76806413979697
47.44829019217195
47.39765683806837
47.39516851236992
47.36139942914556
47.35481313185223
47.35481313185223
47.35481313185223
47.35481313185223
47.35481313185223
47.35193383255934
47.03893664754592
46.981846154398326
46.97147839649407
46.799939222947515
46.21833558512969
46.193735300293085
46.193735300293085
46.193735300293085
46.193735300293085
47.39099623503145
47.3193371610359
47.3193371610359
47.801670631827605
47.801670631827605
47.7701335629049
47.75049783508174
47.69114875887919
47.69114875887919
47.69114875887919
47.69114875887919
47.90514153266568
47.90514153266568
47.90514153266568
47.88848832052123
47.79691179618926
47.79691179618926
47.79691179618926
47.79691179618926
47.79691179618926
48.102176937331265
48.05490444677239
48.03424369447974
48.026912476804334
47.730721320759976
47.730721320759976
47.730721320759976
47.730721320759976
47.92866784848831
47.887182809304264
47.887182809304264
47.824835741663726
47.51648488411766
47.51648488411766
47.51648488411766
47.51648488411766
47.51648488411766
47.51648488411766
47.51648488411766
48.12937869121554
48.12937869121554
48.12937869121554
48.12937869121554
48.12937869121554
48.12937869121554
48.12937869121554
48.659380255504196
48.659380255504196
48.659380255504196
48.769082370912066
48.769082370912066
48.769082370912066
48.769082370912066
48.771136839318665
48.771136839318665
48.771136839318665
48.73873112579506
48.73873112579506
48.869123904239515
48.869123904239515
48.96124367324825
48.96124367324825
48.80048447164477
48.77971420600221
48.5077150665291
48.5077150665291
48.494157275671924
48.494157275671924
48.494157275671924
48.587697032276544
48.587697032276544
48.587697032276544
48.67560070279259
48.598881145745175
48.598881145745175
48.598881145745175
48.59734060824701
48.59734060824701
48.62981517788414
48.62981517788414
48.64858143205254
48.58618248655631
48.476347476637926
48.476347476637926
48.42389727758676
48.372149834314705
48.372149834314705
48.372149834314705
48.664506043091166
48.664506043091166
48.664506043091166
48.619207233532876
48.619207233532876
48.522806480678675
48.518540824394975
48.518540824394975
48.554503321870726
48.55450332187071
48.55450332187071
48.55450332187071
48.55450332187071
48.71971055414206
48.71971055414206
48.71971055414206
48.71971055414206
48.811914830626804
48.8119148306268
48.8119148306268
48.8119148306268
48.8119148306268
48.8119148306268
48.77365456626625
48.77365456626625
48.67334093250933
48.67334093250933
48.82826104905133
48.69063126501416
48.69063126501416
48.69063126501416
48.69063126501416
48.69063126501416
48.69063126501416
48.69063126501416
48.86498298382225
48.86498298382226
48.596954029052796
48.5969540290528
48.5969540290528
48.5969540290528
48.72828771060916
48.728287710609166
48.72828771060915
48.526806489886866
48.49567582741672
48.47516228855953
48.47516228855953
48.47516228855953
48.47516228855953
48.75924630147941
48.75924630147941
48.75924630147941
48.76589444911419
48.7418712637389
48.7418712637389
48.84689344451921
48.84689344451921
48.81561833686251
48.81561833686251
48.9392248954928
48.870895552752586
48.870895552752586
48.88617245281245
48.88617245281245
48.88617245281245
48.923186858951745
48.849015711084384
48.849015711084384
48.99277655151917
48.89864594472996
48.89864594472996
48.93939736227393
48.86580952926619
48.864883641719814
48.864883641719814
48.864883641719814
49.03801852898171
49.03801852898171
48.99639847860966
48.99639847860966
49.05573930549242
49.05573930549242
49.05479459416853
49.0230909836315
48.858167018610665
48.842132018175576
48.664298582926264
48.664298582926264
48.69753206093697
48.64526261816477
48.64526261816477
48.68288002917149
48.68288002917149
48.82761681370995
48.805182034848215
48.805182034848215
48.805182034848215
48.805182034848215
48.805182034848215
48.805182034848215
48.96057177977149
48.96057177977149
48.992323592008695
48.992323592008695
48.97627408438392
48.9532266883091
48.77483692115516
48.77483692115516
48.77483692115516
48.80535956504389
48.690066352699986
48.690066352699986
48.629588040479824
48.629588040479824
48.629588040479824
48.629588040479824
48.629588040479824
48.68367943987197
