0.0
0.0
0.0
0.0
0.40831703943915953
0.3568540824407028
0.32999306251444555
0.3270685308274051
0.32396231412462606
0.2385024652497216
0.2385024652497216
0.24747995274123877
0.22575097454710716
0.18805035050521032
0.18805035050521032
0.23131388217801582
0.23131388217801582
0.28088349217214603
0.28088349217214603
0.28088349217214603
0.505846109499688
0.505846109499688
0.505846109499688
0.505846109499688
0.505846109499688
0.505846109499688
0.505846109499688
0.7328177962492916
0.703680078508338
0.703680078508338
0.703680078508338
0.8122800817442878
0.7448256428319796
0.6790581767267383
0.6790581767267383
0.7668058908431357
0.68244495219907
0.68244495219907
0.68244495219907
0.671282736958276
0.6634051701536358
0.6262399271388139
0.5614737365309842
0.5614737365309842
0.7079738626719095
0.7039655878738224
0.7039655878738224
0.7165665621516728
0.7165665621516728
0.6038586989553005
0.5887387743277758
0.5842267913261083
0.5842267913261083
0.5706349702846422
0.4931474262976643
0.4931474262976643
0.4931474262976643
0.5749725306962792
0.5423557409298781
0.5147038460620232
0.5147038460620232
0.5147038460620232
0.5212905212905201
0.47115896344209235
0.47115896344209235
0.47115896344209235
0.497848399784248
0.497848399784248
0.497848399784248
0.5038728913177161
0.4928388143117095
0.4928388143117095
0.5031339258818345
0.5031339258818345
0.5376837435852818
0.5270445971196932
0.5270445971196932
0.534504685646077
0.534504685646077
0.534504685646077
0.6115735749191358
0.6115735749191358
0.6115735749191358
0.6115735749191358
0.6486126847777403
0.6486126847777403
0.6486126847777403
0.6486126847777403
0.6414922226150197
0.6389611124560236
0.6389611124560236
0.6389611124560236
0.6720538236094487
0.6717932684040211
0.6590909788066839
0.6582147025576469
0.6508436070638848
0.641734564656409
0.641734564656409
0.641734564656409
0.641734564656409
0.641734564656409
0.641734564656409
0.641734564656409
0.641734564656409
0.7052447936292253
0.7052447936292253
0.7052447936292253
0.7052447936292253
0.7052447936292253
0.7290050506957416
0.7290050506957416
0.7306831765989658
0.7306831765989658
0.7306831765989658
0.7804964709000834
0.7804964709000834
0.7753218561852366
0.7753218561852366
0.7753218561852366
0.7753218561852366
0.7753218561852366
0.8648042695953794
0.8648042695953794
0.8519298994371687
0.8519298994371687
0.8519298994371687
0.8519298994371687
0.8519298994371687
0.8743212524351022
0.8743212524351022
0.8678138036386739
0.8574267965318996
0.8574267965318996
0.8574267965318996
0.8574267965318996
0.8514130741511193
0.8359831302258304
0.827756911550126
0.827756911550126
0.827756911550126
0.851747549501169
0.8462891820631351
0.8427995391705071
0.8427995391705071
0.8546562980030727
0.8546562980030727
0.8546562980030727
0.8858150921658992
0.8836158083878212
0.8616494484328497
0.8594743007249499
0.8547547362082545
0.8484880531716057
0.8393338382081039
0.8393338382081039
0.8393338382081039
0.8393338382081039
0.8728689423686175
0.8688358571987248
0.8592081084827005
0.8592081084827005
0.8745399410498843
0.8657259215180527
0.8657259215180527
0.858183524623596
0.8568082004037151
0.8568082004037149
0.8550765486155266
0.845529122763049
0.845529122763049
0.8474946328113778
0.84516356714327
0.84516356714327
0.9148704748900671
0.9148704748900671
0.9148704748900671
0.9148704748900671
0.9148704748900671
1.0577784321664767
1.0521476822687308
1.046218818832182
1.046218818832182
1.0600940592286665
1.0600940592286665
1.0600940592286665
1.0600940592286665
1.076432377689603
1.0638735860933761
1.060428147189724
1.0259871987029032
1.0258266760666395
1.0258266760666395
1.0358219397286381
1.0341421005407676
0.9860459184577183
0.945726978518097
0.945726978518097
0.9928302481211804
0.9777107619840313
0.9730752693884133
0.9481693804330599
0.9310900236043119
0.9310900236043119
0.9310900236043119
0.9310900236043119
0.9310900236043119
0.9420664496753
0.9420664496753
0.9420664496753
0.9420664496753
0.9420664496753
0.9526315302449393
0.9526315302449393
0.9526315302449393
0.9410554425000228
0.9410554425000228
0.9191416582721569
0.9128477080490356
0.9128477080490356
0.9001781327299905
0.9001781327299905
0.9001781327299905
0.9220660912975892
0.9220660912975892
0.9293701705182549
0.9293701705182549
0.9159138290479508
0.9145265454231293
0.9052052656614956
0.8684302283844904
0.8684302283844904
0.8684302283844904
0.8684302283844904
0.8810586246002647
0.8720785155464884
0.8720785155464884
0.8720785155464884
0.8882180461985705
0.8862671000303229
0.8799866632495401
0.8799866632495401
0.87961187641341
0.8717798673855576
0.8717798673855576
0.882150217680273
0.8794037232044415
0.8794037232044415
0.8794037232044415
0.8794037232044415
0.8794037232044415
0.8794037232044415
0.8941088064059776
0.8941088064059776
0.8941088064059776
0.8941088064059776
0.8941088064059776
0.8941088064059776
0.8995008583505253
0.8947080178503956
0.8879381957135746
0.8879381957135746
0.8825535299717253
0.8825535299717253
0.8785715451457299
0.8785715451457299
0.8785715451457299
0.8785715451457299
0.8785715451457299
0.8785715451457299
0.8785715451457299
0.8785715451457299
0.9028876579978397
0.9010559984402009
0.9009660742571679
0.8997465532047061
0.8995088810389161
0.8995088810389161
0.8995088810389161
0.8995088810389161
0.8995088810389161
0.8994049977441216
0.8881796110192008
0.8861463998014311
0.8857776339249971
0.8796971007058393
0.8593697515309807
0.8585196455858921
0.8585196455858921
0.8585196455858921
0.8585196455858921
0.9008153137959309
0.8982297224634989
0.8982297224634989
0.9157701254127566
0.9157701254127566
0.9146133586314751
0.913893833559676
0.9117223496085576
0.9117223496085576
0.9117223496085576
0.9117223496085576
0.9195752314540643
0.9195752314540643
0.9195752314540643
0.9189617951416956
0.9155954837304081
0.9155954837304081
0.9155954837304081
0.9155954837304081
0.9155954837304081
0.9268630955723504
0.9251095591407859
0.9243441664174745
0.9240727223559663
0.913169695982764
0.913169695982764
0.913169695982764
0.913169695982764
0.9204425135318319
0.9189137220133645
0.9189137220133645
0.9166207030009019
0.9053601836539036
0.9053601836539036
0.9053601836539036
0.9053601836539036
0.9053601836539036
0.9053601836539036
0.9053601836539036
0.9278735723002547
0.9278735723002547
0.9278735723002547
0.9278735723002547
0.9278735723002547
0.9278735723002547
0.9278735723002547
0.9477754748124353
0.9477754748124353
0.9477754748124353
0.9519462978196184
0.9519462978196184
0.9519462978196184
0.9519462978196184
0.9520245781434986
0.9520245781434986
0.9520245781434986
0.9507905714429314
0.9507905714429314
0.9557654324700979
0.9557654324700979
0.9592953903460499
0.9592953903460499
0.9531434813014621
0.9523514648510304
0.942038504005058
0.942038504005058
0.9415273046831708
0.9415273046831708
0.9415273046831708
0.9450597274893485
0.9450597274893485
0.9450597274893485
0.9483910453763665
0.945482943348855
0.945482943348855
0.945482943348855
0.9454246372327565
0.9454246372327565
0.9466544717773345
0.9466544717773345
0.9473658720387916
0.9450024300150827
0.9408561913318854
0.9408561913318854
0.938882442091604
0.9369390683338097
0.9369390683338097
0.9369390683338097
0.9479699578607405
0.9479699578607405
0.9479699578607405
0.9462525705765958
0.9462525705765958
0.9426078455979977
0.9424468847881052
0.9424468847881052
0.9438047342735135
0.9438047342735133
0.9438047342735133
0.9438047342735133
0.9438047342735133
0.9500669961229575
0.9500669961229575
0.9500669961229575
0.9500669961229575
0.9535796205135625
0.9535796205135624
0.9535796205135623
0.9535796205135624
0.9535796205135624
0.9535796205135624
0.9521205183250816
0.9521205183250816
0.9483052631286126
0.9483052631286126
0.9542036688621485
0.9489618068875972
0.9489618068875973
0.9489618068875972
0.9489618068875975
0.9489618068875973
0.9489618068875973
0.9489618068875973
0.9556070543276183
0.9556070543276184
0.9454100065688638
0.9454100065688639
0.9454100065688639
0.9454100065688639
0.9503932194730316
0.9503932194730317
0.9503932194730315
0.9427588066855154
0.9415845486082869
0.9408115472394045
0.9408115472394045
0.9408115472394045
0.9408115472394045
0.9515716062327781
0.9515716062327781
0.9515716062327781
0.9518248425490675
0.9509100793462612
0.9509100793462612
0.9549154828268297
0.9549154828268297
0.9537209740685225
0.9537209740685225
0.9584504895456016
0.9558332007003028
0.9558332007003028
0.956417760099876
0.956417760099876
0.956417760099876
0.9578355392661387
0.9549965927375113
0.9549965927375113
0.9605066349279663
0.9568953083286659
0.9568953083286659
0.9584571045801781
0.9556386652338631
0.9556032550966758
0.9556032550966758
0.9556032550966758
0.9622470930976119
0.9622470930976119
0.960645856706043
0.960645856706043
0.9629296536396933
0.9629296536396934
0.9628932537104551
0.9616724891634832
0.9553464193665152
0.9547335325922576
0.9479620856361962
0.9479620856361962
0.9492239655756873
0.9472400229890215
0.9472400229890215
0.9486674243770019
0.9486674243770019
0.9541790663912583
0.9533226989510895
0.9533226989510895
0.9533226989510895
0.9533226989510895
0.9533226989510895
0.9533226989510895
0.9592695977806215
0.9592695977806215
0.9604892251930364
0.9604892251930364
0.9598725535132759
0.958987679581653
0.9521655762438826
0.9521655762438828
0.9521655762438828
0.9533294725851653
0.9489403492000446
0.9489403492000446
0.9466458645260598
0.9466458645260598
0.9466458645260598
0.9466458645260598
0.9466458645260598
0.9486977809102397
