0.0
0.0
10.670731707315127
10.670731707315127
4.8678720445049635
4.8678720445049635
4.8678720445049635
2.999143101970077
2.510760401721015
2.510760401721015
2.2890778286455884
1.8577494692139283
1.339456563336796
1.339456563336796
1.339456563336796
1.339456563336796
31.16471734892781
31.16471734892781
31.16471734892781
31.16471734892781
31.16471734892781
31.16471734892781
31.16471734892781
42.898663049796575
42.898663049796575
48.15270935960557
48.15270935960557
41.72824611672422
41.72824611672422
45.99580712788257
45.99580712788257
42.92981998434636
40.927745305310175
40.927745305310175
43.55988593155884
40.05244182235327
40.05244182235327
42.74777993263237
42.74777993263237
42.74777993263237
42.54368143031271
37.60775862068946
37.60775862068946
40.185256657661036
39.09876079609457
39.09876079609457
42.87827557058318
40.37275320023871
34.61866575669676
34.61866575669676
38.080544767782094
38.080544767782094
37.34915627660099
36.785520540513815
36.785520540513815
38.839641667839146
38.839641667839146
38.670750102847656
36.93355452719803
36.93355452719803
38.09484330956719
36.97296427421943
34.43366180823553
34.43366180823553
34.43366180823553
36.804366438356126
36.387683842979534
36.387683842979534
36.16827344434699
35.72615832121333
35.72615832121333
34.97717190687429
34.97717190687429
34.97717190687429
35.71474174806863
35.71474174806863
37.08054739736288
37.08054739736288
37.08054739736288
38.21446864925118
38.21446864925118
38.60259153590099
38.60259153590099
40.01422070534691
39.949456228525946
39.77664687588344
39.77664687588344
40.01070181367574
39.7243037691533
39.7243037691533
40.04269002605747
39.87687720848049
39.87687720848049
38.936646096634156
38.936646096634156
39.8044841143342
39.24259487206341
39.24259487206341
39.24259487206341
39.24259487206341
39.24259487206341
39.24259487206341
39.24259487206341
39.24259487206341
42.01916278616175
42.01916278616175
42.01916278616175
42.01916278616175
42.01916278616175
43.95522561727671
43.95522561727671
43.95242621658587
43.95242621658587
43.95242621658587
43.95242621658587
43.95242621658587
45.76952822892496
45.38641891447725
45.38641891447725
45.38641891447725
45.38641891447725
45.38641891447725
47.13300122975589
47.13300122975589
47.13300122975589
47.13300122975589
47.13300122975589
47.13300122975589
48.9989020860365
48.9989020860365
49.359793875263044
48.58763625099221
48.55379495811323
48.510621846790215
48.24947609251532
48.249476092515316
48.113496932515304
47.5888878354034
47.48174215764176
47.48174215764176
47.48174215764176
47.48174215764176
48.1145109887073
48.1145109887073
48.1145109887073
48.39587123736782
48.39587123736782
48.39587123736782
49.03213180087534
49.03213180087534
48.4587927063002
48.09598603839439
48.09598603839439
47.79823027238563
47.79823027238563
47.79823027238563
47.79823027238563
48.9158055226156
48.895097790195564
48.32555103680271
48.32555103680271
48.738300757350245
48.58164795859499
48.215278913790264
48.215278913790264
48.215278913790264
48.301541677554205
48.1286207121005
48.1286207121005
48.1286207121005
48.1286207121005
47.96080381056241
47.96080381056241
47.96080381056241
47.96080381056241
47.96080381056241
47.96080381056241
47.96080381056241
51.899343978916654
51.899343978916654
51.899343978916654
51.899343978916654
52.1690509634923
52.1690509634923
52.5168171297863
52.5168171297863
52.5168171297863
52.687985479005945
52.23621880540926
51.89630467075944
51.61606652545696
51.61606652545696
52.00824954885279
51.772676529839714
51.15824975592438
50.503811443091195
50.503811443091195
51.2124533553369
50.661533588362836
50.661533588362836
50.00479754365764
50.00479754365764
49.90219232329014
49.90219232329014
49.90219232329014
49.90219232329014
49.95615282518011
49.95615282518011
49.95615282518011
49.95615282518011
49.95615282518011
49.99539149269552
49.83062136123008
49.83062136123008
49.36413566615706
48.977000775254766
48.58289217052101
48.28583138562422
48.02727983870079
47.63002622377622
47.63002622377622
48.199440040334245
48.00735089856187
48.00735089856187
47.899425772673524
47.899425772673524
47.72435797178516
47.65975613565603
47.39719785852603
47.171036359139244
46.97159394113542
46.97159394113542
47.07540664422178
46.73983084977848
46.722425193997395
46.722425193997395
46.722425193997395
46.78941836714457
46.78941836714457
46.78941836714457
46.92126979113198
46.85005223630521
46.6482173874643
46.6482173874643
46.76115120424309
46.704298740772906
46.7042987407729
46.7042987407729
46.7042987407729
46.7042987407729
47.34040537980676
47.115049252957526
47.115049252957526
47.115049252957526
47.33809719780013
47.33809719780013
47.33809719780013
47.48966606288606
47.48966606288606
47.41682992559071
47.41682992559071
47.205966933547565
47.205966933547565
47.14483663943989
47.123786960681564
47.123786960681564
47.123786960681564
47.37422392524377
47.26103968697595
47.26103968697595
47.26103968697595
47.36372557766079
47.12869177711297
47.12869177711297
47.153300156455764
47.153300156455764
46.99310672688375
46.99310672688375
47.23204179364388
47.23204179364388
47.03831846205873
46.93291342942671
46.93291342942671
47.09584360055291
47.07482642911699
46.36653339306694
46.36653339306694
46.36653339306694
46.36653339306694
46.36653339306694
47.471981713082855
47.471981713082855
47.471981713082855
48.10317806537088
48.09113449687845
48.024421521263974
48.024421521263974
48.02085764176678
47.94947612007456
47.94947612007456
48.132020900912394
48.132020900912394
48.31407049165983
48.10019322753333
48.10019322753333
48.09755711287959
48.0891795387429
48.0891795387429
48.0891795387429
48.30959313764066
48.2651528851219
48.02312482398222
47.93125795444784
47.93125795444784
47.895725949204206
47.758675655290915
47.758675655290915
47.758675655290915
47.758675655290915
47.84222089385386
47.84222089385386
47.63439613526569
47.58621222182755
47.5718862171446
47.5718862171446
47.5718862171446
47.83730250126674
47.83730250126674
47.83730250126674
47.83730250126674
48.303330949373816
48.303330949373816
48.41175845366615
48.375032241423774
48.375032241423774
48.375032241423774
48.5391525269939
48.5391525269939
48.5391525269939
48.621164985650466
48.621164985650466
48.59571849839799
48.59571849839799
48.59571849839799
48.59571849839799
48.79633908208742
48.79633908208742
48.835615928267686
48.835615928267686
48.835615928267686
48.835615928267686
48.835615928267686
48.84118275214492
48.7998528329654
48.647360004694626
48.54338374152746
48.416510921621295
48.416510921621295
48.416510921621295
48.416510921621295
48.416510921621295
48.416510921621295
48.945361033257235
48.79204441532068
48.79204441532068
48.79204441532068
48.878657677816925
48.72851156028165
48.72851156028165
48.72851156028165
48.72851156028165
48.59231166552278
48.59231166552278
48.49455160983178
48.49455160983178
48.49455160983178
48.76210904094992
48.76210904094992
48.77754808871447
48.77754808871447
48.77754808871447
48.915724958243345
48.915724958243345
48.61774838853078
48.61774838853078
48.73241388869637
48.73241388869637
48.73241388869637
48.88228275039141
48.88228275039141
48.88228275039141
48.88228275039141
49.057265209889934
48.76297323704043
48.76297323704042
48.76297323704042
48.76297323704042
48.96779632439723
48.94501968397777
48.94501968397777
49.260040866914544
48.91496693676072
48.91496693676072
48.92991580319494
48.92991580319494
48.929915803194945
48.79912446522734
48.7965351886611
48.7965351886611
48.7965351886611
48.84234102897129
48.84234102897129
48.84234102897129
48.966114467786916
48.966114467786916
48.966114467786916
48.966114467786916
48.966114467786916
48.966114467786916
48.966114467786916
48.966114467786916
48.966114467786916
48.69187384142092
48.585840034632476
48.490740195212
48.490740195212
48.490740195212
48.490740195212
48.490740195212
48.87528751315736
48.87528751315737
48.75680580762249
48.75680580762249
48.8049214829205
48.8049214829205
48.8049214829205
48.8049214829205
48.8049214829205
48.8049214829205
49.02870995403054
49.028709954030546
48.82535361382737
48.82535361382737
48.82535361382737
48.82535361382737
49.092070386101604
49.092070386101604
49.092070386101604
49.092070386101604
49.092070386101604
49.092070386101604
48.87355737131592
48.87355737131592
48.87355737131592
48.87355737131592
48.87355737131592
48.87355737131592
48.87355737131592
48.87355737131592
48.87355737131592
48.87355737131592
48.87355737131592
48.87355737131592
48.73881410500164
48.62848254144903
48.58148187922853
48.58148187922853
48.58148187922853
48.58148187922853
48.66417750419415
48.66417750419415
48.66417750419415
48.66417750419415
48.81815495092151
48.81815495092151
48.82681844709543
48.76286333838883
48.76286333838883
49.03277288397638
49.02788253554664
49.02788253554664
49.10523437888352
49.10523437888352
49.13997756193711
49.13997756193711
48.956088403658164
48.947020726188335
48.947020726188335
49.0350250178699
48.88771479299391
48.81753544326317
48.78012897530833
48.78012897530833
48.74566368449881
48.7456636844988
48.7456636844988
48.7456636844988
48.789297658862864
