0.0
0.0
0.1194539249146514
0.1194539249146514
0.05116959064326047
0.05116959064326046
0.05116959064326047
0.030918727915185865
0.02575423105223733
0.025754231052237328
0.023427041499324484
0.018929150892369094
0.013576415826218245
0.013576415826218245
0.013576415826218245
0.013576415826218245
0.4527433628318571
0.4527433628318571
0.45274336283185707
0.45274336283185707
0.45274336283185707
0.45274336283185707
0.45274336283185707
0.7512724804886333
0.7512724804886333
0.9287410926365668
0.9287410926365668
0.7160973084886053
0.7160973084886053
0.8517080745341604
0.8517080745341605
0.7522285714285681
0.6928421052631548
0.6928421052631548
0.7717894736842075
0.6681246582832135
0.6681246582832135
0.7466571581387036
0.7466571581387036
0.7466571581387036
0.7404526166902351
0.6027633851467996
0.6027633851467996
0.6718286230481325
0.6420027130348978
0.6420027130348978
0.7506474287828312
0.6770856507230237
0.5294885177453016
0.5294885177453016
0.615001288770513
0.615001288770513
0.5961476982097167
0.5819160555468855
0.5819160555468855
0.6350460122699365
0.6350460122699365
0.630543340538121
0.5856292399280056
0.5856292399280056
0.615374313646711
0.5866207072641371
0.5251728670209711
0.5251728670209711
0.5251728670209711
0.5823878069432674
0.572022621423818
0.572022621423818
0.5666190685412986
0.5558428963956673
0.5558428963956673
0.537921418256062
0.537921418256062
0.537921418256062
0.5555665905253732
0.5555665905253732
0.589333598172606
0.589333598172606
0.589333598172606
0.618501901882374
0.618501901882374
0.6287332397502272
0.6287332397502272
0.6670617799061189
0.6652638547380355
0.6604854232195653
0.6604854232195653
0.6669639923008296
0.659043466159483
0.659043466159483
0.6678533450460009
0.6632535929105999
0.6632535929105999
0.6376434245366263
0.6376434245366263
0.6612533097969966
0.6458899090478016
0.6458899090478016
0.6458899090478016
0.6458899090478016
0.6458899090478016
0.6458899090478016
0.6458899090478016
0.6458899090478016
0.7247077621730695
0.7247077621730695
0.7247077621730695
0.7247077621730695
0.7247077621730695
0.7842876718016839
0.7842876718016839
0.7841985522233701
0.7841985522233701
0.7841985522233701
0.7841985522233701
0.7841985522233701
0.8439817455790067
0.8310463809982332
0.8310463809982334
0.8310463809982334
0.8310463809982334
0.8310463809982334
0.8915391894023011
0.8915391894023011
0.8915391894023011
0.8915391894023011
0.8915391894023011
0.8915391894023011
0.9607421034091344
0.9607421034091344
0.9747155008350479
0.945057427979664
0.943777969989845
0.9421481398055324
0.9323475870267857
0.9323475870267856
0.9272834762045509
0.9079923296790753
0.9040997189999264
0.9040997189999264
0.9040997189999264
0.9040997189999264
0.9273211432629138
0.9273211432629139
0.9273211432629139
0.9378294411282158
0.9378294411282158
0.9378294411282158
0.9620204558941594
0.9620204558941594
0.9401951419213965
0.9266332672068853
0.9266332672068853
0.9156438665162862
0.9156438665162862
0.9156438665162862
0.9156438665162862
0.9575526446692084
0.9567594433399595
0.9351923824329568
0.9351923824329568
0.9507741935483863
0.944830902388203
0.9310715188273939
0.9310715188273939
0.9310715188273939
0.9342936568107145
0.9278454009285981
0.9278454009285981
0.9278454009285981
0.9278454009285981
0.9216284516765275
0.9216284516765275
0.9216284516765275
0.9216284516765275
0.9216284516765275
0.9216284516765275
0.9216284516765275
1.078973724519854
1.078973724519854
1.078973724519854
1.078973724519854
1.0906965472015508
1.0906965472015508
1.1060087794310478
1.1060087794310478
1.1060087794310478
1.1136280289994072
1.0936365902983622
1.0788423699169216
1.0668017835427641
1.0668017835427641
1.0836914482165876
1.0735133696953565
1.0474286752680357
1.0203575854133466
1.0203575854133466
1.0497033951785943
1.026816139068595
1.026816139068595
1.0001919201612126
1.0001919201612126
0.9960953310635455
0.9960953310635455
0.9960953310635455
0.9960953310635455
0.9982476497193866
0.9982476497193866
0.9982476497193866
0.9982476497193866
0.9982476497193866
0.9998156766969266
0.9932477282611177
0.9932477282611177
0.9748848235451982
0.9599004668369593
0.9448779641912682
0.93370603607077
0.924086322394641
0.9094911222850464
0.9094911222850464
0.9304810619395717
0.9233488142698613
0.9233488142698613
0.9193646420033224
0.9193646420033224
0.9129368118717086
0.9105757370787405
0.9010394110004329
0.8929010358752265
0.8857817428831304
0.8857817428831304
0.8894807434374394
0.8775757117471354
0.8769623122697645
0.8769623122697645
0.8769623122697645
0.8793254448895923
0.8793254448895923
0.8793254448895923
0.883993825897755
0.8814693938101505
0.8743516168193356
0.8743516168193356
0.8783276171811198
0.8763239367769268
0.8763239367769267
0.8763239367769267
0.8763239367769267
0.8763239367769267
0.8989891722723831
0.890897099976828
0.890897099976828
0.890897099976828
0.8989059391872687
0.8989059391872687
0.8989059391872687
0.9043870511232969
0.9043870511232969
0.901749169144656
0.901749169144656
0.8941534524200658
0.8941534524200658
0.8919627457744042
0.8912095676299776
0.8912095676299776
0.8912095676299776
0.9002095068003843
0.8961314255431896
0.8961314255431896
0.8961314255431896
0.8998305084745755
0.8913850131802075
0.8913850131802075
0.8922657478339402
0.8922657478339402
0.8865470852017935
0.8865470852017935
0.8950894330407232
0.8950894330407232
0.88815757158996
0.8844071996869697
0.8844071996869697
0.8902106527313444
0.889460029187611
0.8645074862096132
0.8645074862096132
0.8645074862096132
0.8645074862096132
0.8645074862096132
0.9037459104926187
0.9037459104926187
0.9037459104926187
0.9269002661851464
0.926453198904655
0.9239805102104148
0.9239805102104148
0.9238485950924993
0.9212102500771842
0.9212102500771842
0.9279717802184254
0.9279717802184254
0.9347625350118496
0.9267894471825073
0.9267894471825073
0.9266915859333279
0.9263806488019887
0.9263806488019887
0.9263806488019887
0.9345949484645948
0.9329331306990878
0.9239325115516019
0.9205380439672488
0.9205380439672488
0.9192283516417726
0.9141934331557166
0.9141934331557166
0.9141934331557166
0.9141934331557166
0.9172595481201437
0.9172595481201437
0.9096504693865498
0.9078949306854842
0.9073735975735439
0.9073735975735439
0.9073735975735439
0.9170787707523839
0.9170787707523839
0.9170787707523839
0.9170787707523839
0.9343606045888702
0.9343606045888702
0.9384262188930255
0.9370472145890579
0.9370472145890579
0.9370472145890579
0.9432248964118833
0.9432248964118833
0.9432248964118833
0.9463267310765437
0.9463267310765437
0.9453632475513446
0.9453632475513446
0.9453632475513446
0.9453632475513446
0.9529853570492849
0.9529853570492849
0.9544845856015836
0.9544845856015836
0.9544845856015836
0.9544845856015836
0.9544845856015836
0.954697261969884
0.9531193860392918
0.9473195537589096
0.9433846854151549
0.9386048091484209
0.9386048091484209
0.9386048091484209
0.9386048091484209
0.9386048091484209
0.9386048091484209
0.9586858711338743
0.9528215656771613
0.9528215656771613
0.9528215656771613
0.9561301690743558
0.9504017348272118
0.9504017348272118
0.9504017348272118
0.9504017348272118
0.9452343266120706
0.9452343266120706
0.9415421693346294
0.9415421693346294
0.9415421693346294
0.9516806435284618
0.9516806435284618
0.9522689029645534
0.9522689029645534
0.9522689029645534
0.9575495574373774
0.9575495574373774
0.9461973125692807
0.9461973125692807
0.9505501933111633
0.9505501933111632
0.9505501933111632
0.9562688903281514
0.9562688903281514
0.9562688903281514
0.9562688903281514
0.9629884499136436
0.951713561808241
0.9517135618082408
0.9517135618082408
0.9517135618082408
0.9595469683353594
0.9586727755258324
0.9586727755258324
0.9708332783183911
0.9575205104831352
0.9575205104831352
0.9580935017580409
0.9580935017580409
0.958093501758041
0.9530916015700903
0.9529928368803512
0.9529928368803512
0.9529928368803512
0.9547415188922421
0.9547415188922421
0.9547415188922421
0.9594823901244799
0.9594823901244799
0.9594823901244799
0.9594823901244798
0.9594823901244799
0.9594823901244799
0.9594823901244798
0.9594823901244798
0.9594823901244799
0.949009006700575
0.9449894750271092
0.941398505414061
0.941398505414061
0.941398505414061
0.941398505414061
0.941398505414061
0.9560012200701534
0.9560012200701535
0.9514786612360543
0.9514786612360543
0.9533127577221782
0.953312757722178
0.953312757722178
0.953312757722178
0.953312757722178
0.953312757722178
0.9618887399124689
0.961888739912469
0.9540926427782793
0.9540926427782793
0.9540926427782793
0.9540926427782793
0.9643305229348584
0.9643305229348585
0.9643305229348584
0.9643305229348585
0.9643305229348584
0.9643305229348585
0.9559350281080539
0.9559350281080539
0.9559350281080538
0.9559350281080539
0.9559350281080539
0.9559350281080538
0.9559350281080539
0.9559350281080538
0.9559350281080539
0.9559350281080539
0.9559350281080538
0.9559350281080538
0.9507937292913304
0.9466039733142952
0.9448246206769452
0.9448246206769452
0.9448246206769452
0.9448246206769452
0.9479574912463908
0.9479574912463907
0.9479574912463908
0.9479574912463908
0.9538178020762943
0.9538178020762943
0.9541485787163068
0.9517093755733592
0.9517093755733592
0.9620451348541369
0.9618568930305363
0.9618568930305363
0.9648385994042094
0.9648385994042094
0.9661808077607429
0.9661808077607428
0.9590975078635373
0.9587495464989717
0.9587495464989717
0.9621318373071526
0.9564767960383184
0.9537941532523879
0.9523672746421558
0.9523672746421558
0.9510544314619546
0.9510544314619545
0.9510544314619545
0.9510544314619545
0.9527168234064782
