0.0
0.0
3.000000000000867
1.5000000000001084
1.5000000000001084
2.000000000000217
2.000000000000217
1.0
1.0
1.0
1.0
1.0
2.42857142857142
1.8888888888889208
1.8888888888889208
1.8888888888889208
2.777777777777794
2.272727272727316
1.9230769230769769
1.9230769230769769
1.666666666666707
1.5000000000000109
1.5000000000000109
1.600000000000026
1.5238095238095375
1.5238095238095377
1.5238095238095375
1.3333333333333452
1.1428571428571472
0.9411764705882398
0.9411764705882398
0.9444444444444484
0.9444444444444484
0.9444444444444484
0.9444444444444484
0.9444444444444484
0.9444444444444484
1.1666666666666667
1.1666666666666667
1.1666666666666667
1.1666666666666667
1.2972972972973038
1.1428571428571412
1.0434782608695712
1.0212765957446837
1.0212765957446837
1.0212765957446837
1.0212765957446837
0.9803921568627424
0.9803921568627424
0.9803921568627424
1.0
0.9824561403508749
0.9824561403508749
0.9824561403508749
1.1724137931034477
1.1525423728813529
1.1525423728813529
1.1525423728813529
1.322033898305081
1.2580645161290298
1.2580645161290298
1.2499999999999967
1.2307692307692333
1.2307692307692335
1.2307692307692335
1.2307692307692335
1.2307692307692335
1.4545454545454524
1.4545454545454524
1.4637681159420246
1.4428571428571448
1.2625000000000015
1.2625000000000015
1.3000000000000012
1.3000000000000012
1.2804878048780473
1.2804878048780473
1.1777777777777758
1.1777777777777758
1.1847826086956519
1.1847826086956519
1.1340206185566999
1.1340206185566999
1.1340206185566999
1.1616161616161595
1.1616161616161595
1.158415841584156
1.158415841584156
1.1844660194174723
1.1619047619047604
1.1509433962264126
1.1401869158878513
1.1296296296296293
1.1296296296296293
1.1296296296296293
1.1296296296296293
1.1296296296296293
1.1944444444444438
1.1944444444444438
1.1944444444444438
1.2314814814814812
1.209090909090906
1.209090909090906
1.2368421052631553
1.2368421052631553
1.2368421052631553
1.2564102564102533
1.2564102564102533
1.2820512820512786
1.2820512820512786
1.341880341880338
1.341880341880338
1.341880341880338
1.393162393162388
1.3813559322033833
1.369747899159661
1.325203252032517
1.325203252032517
1.3145161290322536
1.3145161290322536
1.3145161290322536
1.3387096774193494
1.3387096774193499
1.3387096774193499
1.3387096774193499
1.3387096774193499
1.3387096774193499
1.3387096774193499
1.3387096774193499
1.3700787401574768
1.3488372093023195
1.3488372093023195
1.3488372093023195
1.3488372093023195
1.3984962406014985
1.3984962406014985
1.4148148148148096
1.3941605839416025
1.3642857142857119
1.3642857142857119
1.3785714285714248
1.36879432624113
1.3129251700680238
1.3129251700680238
1.313333333333331
1.313333333333331
1.3266666666666629
1.3266666666666629
1.3266666666666629
1.3266666666666629
1.3599999999999974
1.3333333333333315
1.3246753246753218
1.3161290322580605
1.3161290322580605
1.3161290322580605
1.3037974683544284
1.3037974683544287
1.303797468354429
1.303797468354429
1.2857142857142827
1.2857142857142825
1.2857142857142825
1.2760736196318978
1.2760736196318978
1.2944785276073598
1.29447852760736
1.271084337349393
1.2634730538922134
1.2485207100591673
1.2485207100591673
1.2356321839080444
1.181318681318679
1.1684782608695643
1.1684782608695643
1.1684782608695643
1.2636815920397984
1.2636815920397984
1.3034825870646745
1.3034825870646745
1.3170731707317034
1.3170731707317034
1.312499999999996
1.2938388625592383
1.2938388625592385
1.2877358490566022
1.2877358490566022
1.3066037735849023
1.3066037735849023
1.2922374429223733
1.2690582959641241
1.2690582959641241
1.2690582959641241
1.2690582959641241
1.2690582959641241
1.2913043478260855
1.2913043478260855
1.2999999999999978
1.2999999999999978
1.2999999999999978
1.3246753246753218
1.3246753246753218
1.3246753246753218
1.291139240506327
1.2803347280334716
1.2803347280334716
1.2803347280334716
1.2803347280334716
1.2987551867219893
1.2827868852458995
1.2827868852458995
1.2639999999999982
1.2589641434262926
1.2490118577075084
1.2490118577075084
1.2490118577075084
1.2393822393822376
1.2393822393822376
1.2346153846153844
1.2205323193916329
1.220532319391633
1.220532319391633
1.2105263157894726
1.2105263157894723
1.2014925373134324
1.2014925373134324
1.2126865671641784
1.203703703703702
1.203703703703702
1.2197802197802186
1.1935483870967738
1.1935483870967738
1.1886120996441272
1.1802120141342756
1.1760563380281683
1.1517241379310346
1.1517241379310343
1.1517241379310343
1.1517241379310343
1.1517241379310343
1.1517241379310343
1.1517241379310343
1.183673469387755
1.183673469387755
1.1904761904761898
1.1904761904761898
1.1904761904761898
1.1904761904761898
1.199999999999999
1.1919191919191918
1.1919191919191918
1.1919191919191918
1.1919191919191918
1.2046979865771816
1.2046979865771816
1.1966666666666659
1.1966666666666659
1.1966666666666659
1.2166666666666657
1.2006578947368425
1.1928104575163394
1.1928104575163394
1.1844660194174759
1.1844660194174759
1.1800643086816716
1.1800643086816716
1.1800643086816716
1.1948881789137384
1.1835443037974673
1.1835443037974673
1.1835443037974673
1.1818181818181805
1.1818181818181805
1.1912225705329154
1.1801242236024831
1.1764705882352937
1.169230769230768
1.169230769230768
1.169230769230768
1.169230769230768
1.169230769230768
1.169230769230768
1.169230769230768
1.169230769230768
1.2392638036809798
1.2317073170731698
1.2317073170731698
1.2317073170731698
1.2317073170731698
1.2317073170731698
1.2567975830815694
1.2567975830815694
1.271084337349397
1.271084337349397
1.271084337349397
1.2771084337349388
1.2771084337349388
1.2716417910447746
1.2716417910447746
1.2716417910447746
1.2716417910447746
1.2716417910447746
1.291666666666665
1.2653061224489779
1.2543352601156055
1.2543352601156055
1.2543352601156055
1.253602305475503
1.253602305475503
1.253602305475503
1.253602305475503
1.2824207492795374
1.2824207492795374
1.2824207492795374
1.3085714285714272
1.3085714285714272
1.3085714285714272
1.3295454545454537
1.3295454545454535
1.3295454545454535
1.3295454545454535
1.3036211699164337
1.2821917808219172
1.2821917808219172
1.2821917808219172
1.3150684931506837
1.311475409836064
1.311475409836064
1.3035230352303513
1.3035230352303513
1.313513513513513
1.302949061662198
1.2994652406417104
1.2891246684350126
1.2789473684210522
1.2789473684210522
1.2789473684210522
1.2789473684210522
1.3159268929503904
1.3159268929503904
1.3159268929503904
1.3159268929503904
1.330729166666665
1.330729166666665
1.330729166666665
1.330729166666665
1.359374999999999
1.359374999999999
1.359374999999999
1.3932291666666654
1.3932291666666654
1.4010416666666652
1.3865979381443283
1.3689567430025436
1.3383084577114424
1.3186274509803904
1.3186274509803908
1.3186274509803908
1.3099273607748176
1.3099273607748176
1.3099273607748176
1.3099273607748176
1.3099273607748176
1.3317191283292966
1.3221153846153835
1.3221153846153837
1.3126491646778033
1.3002364066193843
1.2910798122065716
1.2880562060889928
1.2880562060889928
1.2880562060889928
1.2880562060889928
1.2880562060889928
1.2880562060889928
1.2880562060889928
1.31860465116279
1.3186046511627898
1.3186046511627898
1.3186046511627898
1.3186046511627898
1.3294930875576025
1.3264367816091953
1.3233944954128434
1.3233944954128434
1.3295194508009145
1.3234624145785876
1.3204545454545449
1.3204545454545449
1.3197278911564618
1.3167420814479625
1.3078651685393248
1.304932735426009
1.304932735426009
1.304932735426009
1.3094170403587437
1.309417040358744
1.294900221729489
1.2891832229580567
1.2863436123348007
1.2863436123348007
1.2863436123348007
1.2760869565217383
1.2760869565217385
1.2760869565217383
1.2760869565217383
1.2760869565217383
1.2721382289416843
1.2721382289416845
1.2721382289416845
1.2721382289416845
1.2721382289416845
1.2721382289416845
1.2721382289416845
1.2721382289416845
1.2783725910064232
1.2783725910064232
1.2783725910064232
1.2869379014989286
1.2814498933901917
1.2626050420168065
1.2626050420168065
1.2626050420168065
1.2285714285714282
1.2285714285714282
1.22920892494929
1.226720647773279
1.226720647773279
1.2242424242424235
1.2242424242424235
1.2213279678068412
1.2213279678068412
1.2184368737474947
1.2184368737474947
1.2219999999999993
1.219560878243513
1.219560878243513
1.219560878243513
1.219560878243513
1.2217821782178213
1.2121807465618857
1.2121807465618857
1.211350293542074
1.2113502935420737
1.2089843749999993
1.208984374999999
1.208984374999999
1.2128906249999998
1.2128906249999998
1.2198443579766536
1.2198443579766536
1.214700193423597
1.2053742802303253
1.203065134099617
1.20076481835564
1.184905660377358
1.184905660377358
1.1883239171374764
1.1860902255639096
1.1860902255639096
1.1813084112149534
1.1813084112149534
1.1769087523277462
1.1769087523277462
1.1765799256505574
1.1765799256505574
1.1765799256505574
1.1818181818181812
1.1818181818181812
1.1833333333333331
1.1833333333333331
1.1848428835489833
1.1848428835489833
1.1848428835489833
1.1866913123844727
1.18232044198895
1.18232044198895
1.1868131868131866
1.1868131868131864
1.1868131868131864
1.1843065693430652
1.1821493624772312
1.1821493624772312
1.1757246376811596
1.1757246376811596
1.1732851985559567
1.1732851985559567
1.1787003610108302
1.1787003610108302
1.1787003610108302
1.1837837837837837
1.1837837837837837
1.1855855855855857
1.1855855855855857
1.1855855855855857
1.1855855855855857
1.1855855855855857
