0.0
0.0
75.00000000000541
60.000000000001734
60.000000000001734
66.66666666666907
66.66666666666907
50.0
50.0
50.0
50.0
50.0
70.83333333333326
65.38461538461577
65.38461538461577
65.38461538461577
73.529411764706
69.44444444444485
65.78947368421115
65.78947368421115
62.50000000000057
60.00000000000017
60.00000000000017
61.53846153846193
60.37735849056625
60.37735849056626
60.37735849056625
57.142857142857366
53.33333333333343
48.484848484848605
48.484848484848605
48.571428571428676
48.571428571428676
48.571428571428676
48.571428571428676
48.571428571428676
48.571428571428676
53.846153846153854
53.846153846153854
53.846153846153854
53.846153846153854
56.47058823529424
53.3333333333333
51.063829787234184
50.526315789473756
50.526315789473756
50.526315789473756
50.526315789473756
49.50495049504944
49.50495049504944
49.50495049504944
50.0
49.55752212389375
49.55752212389375
49.55752212389375
53.968253968253954
53.54330708661411
53.54330708661411
53.54330708661411
56.934306569343
55.714285714285666
55.714285714285666
55.555555555555486
55.1724137931035
55.1724137931035
55.1724137931035
55.1724137931035
55.1724137931035
59.259259259259224
59.259259259259224
59.411764705882284
59.06432748538015
55.80110497237572
55.80110497237572
56.5217391304348
56.5217391304348
56.149732620320826
56.149732620320826
54.081632653061185
54.081632653061185
54.22885572139303
54.22885572139303
53.14009661835746
53.14009661835746
53.14009661835746
53.7383177570093
53.7383177570093
53.66972477064215
53.66972477064215
54.22222222222216
53.74449339207045
53.508771929824505
53.2751091703057
53.043478260869556
53.043478260869556
53.043478260869556
53.043478260869556
53.043478260869556
54.43037974683543
54.43037974683543
54.43037974683543
55.18672199170123
54.73251028806579
54.73251028806579
55.29411764705877
55.29411764705877
55.29411764705877
55.68181818181812
55.68181818181812
56.17977528089881
56.17977528089881
57.29927007299263
57.29927007299263
57.29927007299263
58.21428571428563
58.0071174377223
57.80141843971626
56.99300699300693
56.99300699300693
56.79442508710793
56.79442508710793
56.79442508710793
57.24137931034473
57.24137931034473
57.24137931034473
57.24137931034473
57.24137931034473
57.24137931034473
57.24137931034473
57.24137931034473
57.80730897009961
57.42574257425731
57.42574257425731
57.42574257425731
57.42574257425731
58.30721003134787
58.30721003134787
58.588957055214635
58.23170731707311
57.70392749244709
57.70392749244709
57.95795795795789
57.78443113772447
56.76470588235287
56.76470588235287
56.77233429394808
56.77233429394808
57.02005730659018
57.02005730659018
57.02005730659018
57.02005730659018
57.62711864406776
57.1428571428571
56.98324022346363
56.824512534818865
56.824512534818865
56.824512534818865
56.593406593406556
56.593406593406556
56.59340659340656
56.59340659340656
56.24999999999994
56.249999999999936
56.249999999999936
56.0646900269541
56.0646900269541
56.4171122994652
56.41711229946521
55.96816976127312
55.82010582010578
55.52631578947359
55.52631578947359
55.269922879177344
54.15617128463471
53.88471177944861
53.88471177944861
53.88471177944861
55.824175824175775
55.824175824175775
56.58747300215979
56.58747300215979
56.84210526315782
56.84210526315782
56.75675675675668
56.40495867768588
56.40495867768588
56.28865979381441
56.28865979381441
56.64621676891609
56.64621676891609
56.37450199203185
55.92885375494068
55.92885375494068
55.92885375494068
55.92885375494068
55.92885375494068
56.356736242884224
56.356736242884224
56.521739130434746
56.521739130434746
56.521739130434746
56.98324022346363
56.98324022346363
56.98324022346363
56.35359116022096
56.14678899082566
56.14678899082566
56.14678899082566
56.14678899082566
56.49819494584833
56.19389587073604
56.19389587073604
55.830388692579476
55.73192239858903
55.53602811950788
55.53602811950788
55.53602811950788
55.34482758620686
55.34482758620686
55.24956970740104
54.965753424657485
54.96575342465749
54.96575342465749
54.76190476190474
54.76190476190474
54.57627118644067
54.57627118644067
54.8060708263069
54.62184873949576
54.62184873949576
54.95049504950492
54.41176470588235
54.41176470588235
54.308943089430876
54.13290113452188
54.04530744336568
53.52564102564102
53.52564102564102
53.52564102564102
53.52564102564102
53.52564102564102
53.52564102564102
53.52564102564102
54.205607476635514
54.205607476635514
54.34782608695651
54.34782608695651
54.34782608695651
54.34782608695651
54.54545454545453
54.3778801843318
54.3778801843318
54.3778801843318
54.3778801843318
54.642313546423146
54.642313546423146
54.476479514415765
54.476479514415765
54.476479514415765
54.88721804511277
54.55904334828102
54.39642324888225
54.39642324888225
54.22222222222223
54.22222222222223
54.129793510324475
54.129793510324475
54.129793510324475
54.439592430858816
54.20289855072462
54.20289855072462
54.20289855072462
54.16666666666664
54.16666666666664
54.36337625178827
54.13105413105411
54.05405405405404
53.90070921985812
53.90070921985812
53.90070921985812
53.90070921985812
53.90070921985812
53.90070921985812
53.90070921985812
53.90070921985812
55.34246575342462
55.19125683060107
55.19125683060107
55.19125683060107
55.19125683060107
55.19125683060107
55.68942436412313
55.68942436412313
55.968169761273195
55.968169761273195
55.968169761273195
56.08465608465607
56.08465608465607
55.97897503285148
55.97897503285148
55.97897503285148
55.97897503285148
55.97897503285148
56.36363636363634
55.85585585585582
55.641025641025614
55.641025641025614
55.641025641025614
55.62659846547312
55.62659846547312
55.62659846547312
55.62659846547312
56.18686868686866
56.18686868686866
56.18686868686866
56.683168316831654
56.683168316831654
56.683168316831654
57.0731707317073
57.07317073170729
57.07317073170729
57.07317073170729
56.590084643288975
56.182472989195674
56.182472989195674
56.182472989195674
56.804733727810635
56.73758865248224
56.73758865248224
56.58823529411763
56.58823529411763
56.775700934579426
56.57741559953433
56.511627906976734
56.315179606025474
56.12009237875288
56.12009237875288
56.12009237875288
56.12009237875288
56.820744081172464
56.820744081172464
56.820744081172464
56.820744081172464
57.09497206703908
57.09497206703908
57.09497206703908
57.09497206703908
57.61589403973508
57.61589403973508
57.61589403973508
58.215451577801936
58.215451577801936
58.351409978308
58.09935205183583
57.78732545649837
57.234042553191486
56.871035940803345
56.87103594080336
56.87103594080336
56.70859538784066
56.70859538784066
56.70859538784066
56.70859538784066
56.70859538784066
57.113187954309424
56.935817805382996
56.935817805383
56.759545923632594
56.526207605344275
56.35245901639342
56.29477993858752
56.29477993858752
56.29477993858752
56.29477993858752
56.29477993858752
56.29477993858752
56.29477993858752
56.87061183550651
56.87061183550651
56.87061183550651
56.87061183550651
56.87061183550651
57.07220573689414
57.015810276679844
56.95952615992102
56.95952615992102
57.07269155206285
56.96078431372549
56.90499510284034
56.90499510284034
56.891495601173006
56.83593749999998
56.66991236611488
56.6147859922179
56.6147859922179
56.6147859922179
56.69902912621358
56.69902912621358
56.42512077294684
56.316297010607514
56.262042389209995
56.262042389209995
56.262042389209995
56.06494746895892
56.06494746895892
56.06494746895892
56.06494746895892
56.06494746895892
55.988593155893525
55.988593155893525
55.988593155893525
55.988593155893525
55.988593155893525
55.988593155893525
55.988593155893525
55.988593155893525
56.10902255639097
56.10902255639097
56.10902255639097
56.273408239700366
56.168224299065415
55.80315691736305
55.80315691736305
55.80315691736305
55.128205128205124
55.128205128205124
55.141037306642396
55.09090909090908
55.09090909090908
55.040871934604894
55.040871934604894
54.98188405797102
54.98188405797102
54.923215898825646
54.923215898825646
54.995499549954985
54.94604316546763
54.94604316546763
54.94604316546763
54.94604316546763
54.99108734402851
54.79573712255772
54.79573712255772
54.77876106194689
54.77876106194689
54.73032714412023
54.73032714412023
54.73032714412023
54.81023830538393
54.81023830538393
54.951796669588084
54.951796669588084
54.847161572052386
54.65622280243688
54.60869565217392
54.561251086012156
54.23143350604489
54.23143350604489
54.30292598967298
54.25623387790198
54.25623387790198
54.15595544130248
54.15595544130248
54.063301967493565
54.063301967493565
54.05636208368915
54.05636208368915
54.05636208368915
54.16666666666666
54.16666666666666
54.19847328244274
54.19847328244274
54.23011844331641
54.23011844331641
54.23011844331641
54.26880811496195
54.177215189873415
54.177215189873415
54.27135678391959
54.271356783919586
54.271356783919586
54.21888053467001
54.17362270450751
54.17362270450751
54.0383014154871
54.0383014154871
53.986710963455145
53.986710963455145
54.10107705053852
54.10107705053852
54.10107705053852
54.20792079207921
54.20792079207921
54.245671887881294
54.245671887881294
54.245671887881294
54.245671887881294
54.245671887881294
